0,524
0,523
0,522
63,5
63,4
63,3
63,2
0,521
63,1
63,0
62,4
62,3
62,2
62,1
62,0
61,3
61,2
61,1
61,0
60,3
60,2
0,520
60,1
60,0
59,5
59,4
59,3
59,2
59,1
59,0
58,4
58,3
58,2
58,1
58,0
57,3
57,2
57,1
57,0
0,519
0,518
56,5
56,4
56,3
56,2
56,1
56,0
55,4
55,3
55,2
0,517
55,1
55,0
0,516
54,3
54,2
0,515
54,1
54,0
0,514
0,513
53,3
53,2
53,1
53,0
52,5
52,4
0,512
0,511
0,510
52,3
52,2
52,1
52,0
0,509
0,508
51,4
51,3
51,2
51,1
51,0
0,507
50,3
50,2
50,1
50,0
0,273
0,270
49,5
49,4
49,3
49,2
49,1
49,0
48,4
48,3
48,2
48,1
48,0
47,3
47,2
47,1
47,0
46,3
46,2
46,1
46,0
45,5
45,4
0,506
0,505
45,3
45,2
45,1
45,0
0,504
0,503
0,502
44,4
0,501
0,500
0,499
44,3
44,2
0,498
44,1
44,0
0,497
0,496
0,495
0,494
0,493
0,492
0,491
0,490
0,489
0,488
0,487
0,486
0,485
0,484
0,483
43,3
